%% the experimental results on 2018-09-22
NR_a0p2_l0p038 = [17;17.2000000000000;15.1000000000000;15.1000000000000;15;13.5000000000000;13.2000000000000;12.5000000000000;11.8000000000000;10.9000000000000;9.30000000000000;8.30000000000000;7.40000000000000;5.60000000000000;5.50000000000000;5.50000000000000;3.50000000000000;2.80000000000000;2.80000000000000;2.10000000000000;1.90000000000001;1.80000000000000;1.30000000000000;2.20000000000000;1.60000000000000;0.800000000000004;0.399999999999999;0.800000000000004;0.200000000000003;1.20000000000000;0.299999999999997;-0.500000000000000;0.199999999999996;0.799999999999997;0];
NR_a0p2_l0p088 = [13.2000000000000;15.4000000000000;14.8000000000000;12.1000000000000;12.7000000000000;11.3000000000000;10.9000000000000;8;5.60000000000000;5.10000000000000;4.30000000000000;4.30000000000000;3.70000000000000;3.20000000000000;3.30000000000000;3.50000000000000;3.50000000000000;3.60000000000000;2.20000000000000;3.50000000000000;4.80000000000000;5.60000000000000;5;5.30000000000000;5.50000000000000;4.80000000000000;4;3.60000000000000;3;3.40000000000000;1.40000000000000;1.50000000000000;1.09999999999999;1.10000000000000;0.299999999999997];
NR_a0p2_l0p138 = [13.9000000000000;14.1000000000000;12.9000000000000;10;11.7000000000000;10.4000000000000;8.70000000000000;6.40000000000001;4.20000000000000;3.40000000000000;6.30000000000000;5.30000000000000;6.10000000000000;7.50000000000000;7.60000000000000;7.90000000000000;7.60000000000000;6.50000000000000;6.10000000000000;5.40000000000000;4.90000000000000;4.30000000000000;3.50000000000000;3.20000000000000;2.50000000000000;2;2.20000000000000;2.60000000000000;1.70000000000000;1.80000000000000;0.799999999999997;0;0.399999999999999;1.30000000000000;0.100000000000001];
NR_a0p1 = [13.8000000000000;14.7000000000000;13;12.8000000000000;11.2000000000000;10.7000000000000;10.8000000000000;9.90000000000001;9.40000000000000;8.90000000000000;8.60000000000000;7.60000000000000;8.20000000000000;7.50000000000000;7.40000000000000;6.80000000000000;6.30000000000000;5.60000000000000;5.40000000000000;4.90000000000001;4.20000000000000;3.20000000000000;2.90000000000001;2.80000000000000;2.20000000000000;2.20000000000000;1.50000000000000;1.80000000000000;-0.199999999999996;0;-0.299999999999997;-0.399999999999999;0;0.700000000000003;0.899999999999999];
NR_inf = [18.2000000000000;19.5000000000000;16.3000000000000;15.9000000000000;14.6000000000000;13.2000000000000;12.1000000000000;9.20000000000000;9.50000000000000;8.20000000000000;6.70000000000000;6.50000000000000;6;5.10000000000000;4.60000000000000;4.40000000000000;3.90000000000000;3.60000000000000;3.20000000000000;2.50000000000000;2.60000000000000;3.10000000000000;1.20000000000000;0.800000000000000;1.10000000000000;-0.400000000000000;-0.0999999999999998;-0.300000000000000;-1.11022302462516e-16;-0.800000000000000;-1.00000000000000;-0.600000000000000;-0.300000000000000;-0.600000000000000;1.11022302462516e-16];
NR_grd = [10.1000000000000;11.5000000000000;9.70000000000000;9.60000000000000;8.50000000000000;7.20000000000000;7.30000000000000;5.90000000000001;5.30000000000000;5.90000000000000;5.50000000000000;4.40000000000001;4.40000000000000;4;4.20000000000000;4.10000000000000;3.60000000000000;3.10000000000000;3.10000000000000;2.80000000000000;2.60000000000000;2.90000000000000;2.60000000000000;2.50000000000000;2.50000000000000;1.50000000000000;1.50000000000000;2.90000000000000;1.10000000000000;1.70000000000000;1.20000000000000;0.200000000000003;0.599999999999994;0.399999999999999;0];
f = [300;350;400;450;500;550;600;650;700;750;800;850;900;950;1000;1050;1100;1150;1200;1250;1300;1350;1400;1450;1500;1550;1600;1650;1700;1750;1800;1850;1900;1950;2000];
